-- synthetic-specification: {"template_version":"spe1-field-synthetic-v1","unit_system":"FIELD","grid":{"nx":10,"ny":10,"dx_ft":1000.0,"dy_ft":1000.0,"top_depth_ft":8325.0,"layers":[{"thickness_ft":20.0,"porosity":0.3,"permeability_x_md":500.0,"permeability_y_md":500.0,"permeability_z_md":500.0},{"thickness_ft":30.0,"porosity":0.3,"permeability_x_md":50.0,"permeability_y_md":50.0,"permeability_z_md":50.0},{"thickness_ft":50.0,"porosity":0.3,"permeability_x_md":200.0,"permeability_y_md":200.0,"permeability_z_md":200.0}]},"initial":{"reference_depth_ft":8400.0,"reference_pressure_psia":4800.0,"water_oil_contact_depth_ft":8450.0,"gas_oil_contact_depth_ft":8300.0,"dissolved_gas_ratio_mscf_stb":1.27},"wells":[{"name":"PROD","cell":{"i":9,"j":9,"k":2},"diameter_ft":0.5,"reference_depth_ft":8400.0,"control":{"kind":"producer","status":"OPEN","mode":"ORAT","oil_rate":{"value":20000.0,"unit":"stb/day"},"bhp_psia":1000.0}},{"name":"INJ","cell":{"i":0,"j":0,"k":0},"diameter_ft":0.5,"reference_depth_ft":8335.0,"control":{"kind":"injector","status":"OPEN","phase":"GAS","mode":"RATE","surface_rate":{"value":100000.0,"unit":"Mscf/day"},"bhp_psia":9014.0}}],"start_date":"2015-01-01","report_intervals_days":[1.0,1.0]}
-- synthetic-grid-id: grid_651290d9c9a04e4cad3462033f60983e
RUNSPEC
DIMENS
 10 10 3 /
EQLDIMS
 /
TABDIMS
 /
OIL
GAS
WATER
DISGAS
FIELD
START
 1 'JAN' 2015 /
WELLDIMS
 2 1 1 2 /
UNIFOUT
GRID
INIT
DX
 1000 1000 1000 1000 1000 1000 1000 1000 1000 1000 1000 1000 1000 1000 1000 1000 1000 1000 1000 1000 1000 1000 1000 1000 1000 1000 1000 1000 1000 1000 1000 1000 1000 1000 1000 1000 1000 1000 1000 1000 1000 1000 1000 1000 1000 1000 1000 1000 1000 1000 1000 1000 1000 1000 1000 1000 1000 1000 1000 1000 1000 1000 1000 1000 1000 1000 1000 1000 1000 1000 1000 1000 1000 1000 1000 1000 1000 1000 1000 1000 1000 1000 1000 1000 1000 1000 1000 1000 1000 1000 1000 1000 1000 1000 1000 1000 1000 1000 1000 1000 1000 1000 1000 1000 1000 1000 1000 1000 1000 1000 1000 1000 1000 1000 1000 1000 1000 1000 1000 1000 1000 1000 1000 1000 1000 1000 1000 1000 1000 1000 1000 1000 1000 1000 1000 1000 1000 1000 1000 1000 1000 1000 1000 1000 1000 1000 1000 1000 1000 1000 1000 1000 1000 1000 1000 1000 1000 1000 1000 1000 1000 1000 1000 1000 1000 1000 1000 1000 1000 1000 1000 1000 1000 1000 1000 1000 1000 1000 1000 1000 1000 1000 1000 1000 1000 1000 1000 1000 1000 1000 1000 1000 1000 1000 1000 1000 1000 1000 1000 1000 1000 1000 1000 1000 1000 1000 1000 1000 1000 1000 1000 1000 1000 1000 1000 1000 1000 1000 1000 1000 1000 1000 1000 1000 1000 1000 1000 1000 1000 1000 1000 1000 1000 1000 1000 1000 1000 1000 1000 1000 1000 1000 1000 1000 1000 1000 1000 1000 1000 1000 1000 1000 1000 1000 1000 1000 1000 1000 1000 1000 1000 1000 1000 1000 1000 1000 1000 1000 1000 1000 1000 1000 1000 1000 1000 1000 1000 1000 1000 1000 1000 1000 1000 1000 1000 1000 1000 1000 1000 1000 1000 1000 1000 1000 1000 1000 1000 1000 1000 1000 /
DY
 1000 1000 1000 1000 1000 1000 1000 1000 1000 1000 1000 1000 1000 1000 1000 1000 1000 1000 1000 1000 1000 1000 1000 1000 1000 1000 1000 1000 1000 1000 1000 1000 1000 1000 1000 1000 1000 1000 1000 1000 1000 1000 1000 1000 1000 1000 1000 1000 1000 1000 1000 1000 1000 1000 1000 1000 1000 1000 1000 1000 1000 1000 1000 1000 1000 1000 1000 1000 1000 1000 1000 1000 1000 1000 1000 1000 1000 1000 1000 1000 1000 1000 1000 1000 1000 1000 1000 1000 1000 1000 1000 1000 1000 1000 1000 1000 1000 1000 1000 1000 1000 1000 1000 1000 1000 1000 1000 1000 1000 1000 1000 1000 1000 1000 1000 1000 1000 1000 1000 1000 1000 1000 1000 1000 1000 1000 1000 1000 1000 1000 1000 1000 1000 1000 1000 1000 1000 1000 1000 1000 1000 1000 1000 1000 1000 1000 1000 1000 1000 1000 1000 1000 1000 1000 1000 1000 1000 1000 1000 1000 1000 1000 1000 1000 1000 1000 1000 1000 1000 1000 1000 1000 1000 1000 1000 1000 1000 1000 1000 1000 1000 1000 1000 1000 1000 1000 1000 1000 1000 1000 1000 1000 1000 1000 1000 1000 1000 1000 1000 1000 1000 1000 1000 1000 1000 1000 1000 1000 1000 1000 1000 1000 1000 1000 1000 1000 1000 1000 1000 1000 1000 1000 1000 1000 1000 1000 1000 1000 1000 1000 1000 1000 1000 1000 1000 1000 1000 1000 1000 1000 1000 1000 1000 1000 1000 1000 1000 1000 1000 1000 1000 1000 1000 1000 1000 1000 1000 1000 1000 1000 1000 1000 1000 1000 1000 1000 1000 1000 1000 1000 1000 1000 1000 1000 1000 1000 1000 1000 1000 1000 1000 1000 1000 1000 1000 1000 1000 1000 1000 1000 1000 1000 1000 1000 1000 1000 1000 1000 1000 1000 /
DZ
 20 20 20 20 20 20 20 20 20 20 20 20 20 20 20 20 20 20 20 20 20 20 20 20 20 20 20 20 20 20 20 20 20 20 20 20 20 20 20 20 20 20 20 20 20 20 20 20 20 20 20 20 20 20 20 20 20 20 20 20 20 20 20 20 20 20 20 20 20 20 20 20 20 20 20 20 20 20 20 20 20 20 20 20 20 20 20 20 20 20 20 20 20 20 20 20 20 20 20 20 30 30 30 30 30 30 30 30 30 30 30 30 30 30 30 30 30 30 30 30 30 30 30 30 30 30 30 30 30 30 30 30 30 30 30 30 30 30 30 30 30 30 30 30 30 30 30 30 30 30 30 30 30 30 30 30 30 30 30 30 30 30 30 30 30 30 30 30 30 30 30 30 30 30 30 30 30 30 30 30 30 30 30 30 30 30 30 30 30 30 30 30 30 30 30 30 30 30 30 30 50 50 50 50 50 50 50 50 50 50 50 50 50 50 50 50 50 50 50 50 50 50 50 50 50 50 50 50 50 50 50 50 50 50 50 50 50 50 50 50 50 50 50 50 50 50 50 50 50 50 50 50 50 50 50 50 50 50 50 50 50 50 50 50 50 50 50 50 50 50 50 50 50 50 50 50 50 50 50 50 50 50 50 50 50 50 50 50 50 50 50 50 50 50 50 50 50 50 50 50 /
TOPS
 8325 8325 8325 8325 8325 8325 8325 8325 8325 8325 8325 8325 8325 8325 8325 8325 8325 8325 8325 8325 8325 8325 8325 8325 8325 8325 8325 8325 8325 8325 8325 8325 8325 8325 8325 8325 8325 8325 8325 8325 8325 8325 8325 8325 8325 8325 8325 8325 8325 8325 8325 8325 8325 8325 8325 8325 8325 8325 8325 8325 8325 8325 8325 8325 8325 8325 8325 8325 8325 8325 8325 8325 8325 8325 8325 8325 8325 8325 8325 8325 8325 8325 8325 8325 8325 8325 8325 8325 8325 8325 8325 8325 8325 8325 8325 8325 8325 8325 8325 8325 /
PORO
 0.29999999999999999 0.29999999999999999 0.29999999999999999 0.29999999999999999 0.29999999999999999 0.29999999999999999 0.29999999999999999 0.29999999999999999 0.29999999999999999 0.29999999999999999 0.29999999999999999 0.29999999999999999 0.29999999999999999 0.29999999999999999 0.29999999999999999 0.29999999999999999 0.29999999999999999 0.29999999999999999 0.29999999999999999 0.29999999999999999 0.29999999999999999 0.29999999999999999 0.29999999999999999 0.29999999999999999 0.29999999999999999 0.29999999999999999 0.29999999999999999 0.29999999999999999 0.29999999999999999 0.29999999999999999 0.29999999999999999 0.29999999999999999 0.29999999999999999 0.29999999999999999 0.29999999999999999 0.29999999999999999 0.29999999999999999 0.29999999999999999 0.29999999999999999 0.29999999999999999 0.29999999999999999 0.29999999999999999 0.29999999999999999 0.29999999999999999 0.29999999999999999 0.29999999999999999 0.29999999999999999 0.29999999999999999 0.29999999999999999 0.29999999999999999 0.29999999999999999 0.29999999999999999 0.29999999999999999 0.29999999999999999 0.29999999999999999 0.29999999999999999 0.29999999999999999 0.29999999999999999 0.29999999999999999 0.29999999999999999 0.29999999999999999 0.29999999999999999 0.29999999999999999 0.29999999999999999 0.29999999999999999 0.29999999999999999 0.29999999999999999 0.29999999999999999 0.29999999999999999 0.29999999999999999 0.29999999999999999 0.29999999999999999 0.29999999999999999 0.29999999999999999 0.29999999999999999 0.29999999999999999 0.29999999999999999 0.29999999999999999 0.29999999999999999 0.29999999999999999 0.29999999999999999 0.29999999999999999 0.29999999999999999 0.29999999999999999 0.29999999999999999 0.29999999999999999 0.29999999999999999 0.29999999999999999 0.29999999999999999 0.29999999999999999 0.29999999999999999 0.29999999999999999 0.29999999999999999 0.29999999999999999 0.29999999999999999 0.29999999999999999 0.29999999999999999 0.29999999999999999 0.29999999999999999 0.29999999999999999 0.29999999999999999 0.29999999999999999 0.29999999999999999 0.29999999999999999 0.29999999999999999 0.29999999999999999 0.29999999999999999 0.29999999999999999 0.29999999999999999 0.29999999999999999 0.29999999999999999 0.29999999999999999 0.29999999999999999 0.29999999999999999 0.29999999999999999 0.29999999999999999 0.29999999999999999 0.29999999999999999 0.29999999999999999 0.29999999999999999 0.29999999999999999 0.29999999999999999 0.29999999999999999 0.29999999999999999 0.29999999999999999 0.29999999999999999 0.29999999999999999 0.29999999999999999 0.29999999999999999 0.29999999999999999 0.29999999999999999 0.29999999999999999 0.29999999999999999 0.29999999999999999 0.29999999999999999 0.29999999999999999 0.29999999999999999 0.29999999999999999 0.29999999999999999 0.29999999999999999 0.29999999999999999 0.29999999999999999 0.29999999999999999 0.29999999999999999 0.29999999999999999 0.29999999999999999 0.29999999999999999 0.29999999999999999 0.29999999999999999 0.29999999999999999 0.29999999999999999 0.29999999999999999 0.29999999999999999 0.29999999999999999 0.29999999999999999 0.29999999999999999 0.29999999999999999 0.29999999999999999 0.29999999999999999 0.29999999999999999 0.29999999999999999 0.29999999999999999 0.29999999999999999 0.29999999999999999 0.29999999999999999 0.29999999999999999 0.29999999999999999 0.29999999999999999 0.29999999999999999 0.29999999999999999 0.29999999999999999 0.29999999999999999 0.29999999999999999 0.29999999999999999 0.29999999999999999 0.29999999999999999 0.29999999999999999 0.29999999999999999 0.29999999999999999 0.29999999999999999 0.29999999999999999 0.29999999999999999 0.29999999999999999 0.29999999999999999 0.29999999999999999 0.29999999999999999 0.29999999999999999 0.29999999999999999 0.29999999999999999 0.29999999999999999 0.29999999999999999 0.29999999999999999 0.29999999999999999 0.29999999999999999 0.29999999999999999 0.29999999999999999 0.29999999999999999 0.29999999999999999 0.29999999999999999 0.29999999999999999 0.29999999999999999 0.29999999999999999 0.29999999999999999 0.29999999999999999 0.29999999999999999 0.29999999999999999 0.29999999999999999 0.29999999999999999 0.29999999999999999 0.29999999999999999 0.29999999999999999 0.29999999999999999 0.29999999999999999 0.29999999999999999 0.29999999999999999 0.29999999999999999 0.29999999999999999 0.29999999999999999 0.29999999999999999 0.29999999999999999 0.29999999999999999 0.29999999999999999 0.29999999999999999 0.29999999999999999 0.29999999999999999 0.29999999999999999 0.29999999999999999 0.29999999999999999 0.29999999999999999 0.29999999999999999 0.29999999999999999 0.29999999999999999 0.29999999999999999 0.29999999999999999 0.29999999999999999 0.29999999999999999 0.29999999999999999 0.29999999999999999 0.29999999999999999 0.29999999999999999 0.29999999999999999 0.29999999999999999 0.29999999999999999 0.29999999999999999 0.29999999999999999 0.29999999999999999 0.29999999999999999 0.29999999999999999 0.29999999999999999 0.29999999999999999 0.29999999999999999 0.29999999999999999 0.29999999999999999 0.29999999999999999 0.29999999999999999 0.29999999999999999 0.29999999999999999 0.29999999999999999 0.29999999999999999 0.29999999999999999 0.29999999999999999 0.29999999999999999 0.29999999999999999 0.29999999999999999 0.29999999999999999 0.29999999999999999 0.29999999999999999 0.29999999999999999 0.29999999999999999 0.29999999999999999 0.29999999999999999 0.29999999999999999 0.29999999999999999 0.29999999999999999 0.29999999999999999 0.29999999999999999 0.29999999999999999 0.29999999999999999 0.29999999999999999 0.29999999999999999 0.29999999999999999 0.29999999999999999 0.29999999999999999 0.29999999999999999 0.29999999999999999 0.29999999999999999 0.29999999999999999 0.29999999999999999 0.29999999999999999 0.29999999999999999 0.29999999999999999 0.29999999999999999 0.29999999999999999 0.29999999999999999 0.29999999999999999 0.29999999999999999 0.29999999999999999 0.29999999999999999 0.29999999999999999 0.29999999999999999 /
PERMX
 500 500 500 500 500 500 500 500 500 500 500 500 500 500 500 500 500 500 500 500 500 500 500 500 500 500 500 500 500 500 500 500 500 500 500 500 500 500 500 500 500 500 500 500 500 500 500 500 500 500 500 500 500 500 500 500 500 500 500 500 500 500 500 500 500 500 500 500 500 500 500 500 500 500 500 500 500 500 500 500 500 500 500 500 500 500 500 500 500 500 500 500 500 500 500 500 500 500 500 500 50 50 50 50 50 50 50 50 50 50 50 50 50 50 50 50 50 50 50 50 50 50 50 50 50 50 50 50 50 50 50 50 50 50 50 50 50 50 50 50 50 50 50 50 50 50 50 50 50 50 50 50 50 50 50 50 50 50 50 50 50 50 50 50 50 50 50 50 50 50 50 50 50 50 50 50 50 50 50 50 50 50 50 50 50 50 50 50 50 50 50 50 50 50 50 50 50 50 50 50 200 200 200 200 200 200 200 200 200 200 200 200 200 200 200 200 200 200 200 200 200 200 200 200 200 200 200 200 200 200 200 200 200 200 200 200 200 200 200 200 200 200 200 200 200 200 200 200 200 200 200 200 200 200 200 200 200 200 200 200 200 200 200 200 200 200 200 200 200 200 200 200 200 200 200 200 200 200 200 200 200 200 200 200 200 200 200 200 200 200 200 200 200 200 200 200 200 200 200 200 /
PERMY
 500 500 500 500 500 500 500 500 500 500 500 500 500 500 500 500 500 500 500 500 500 500 500 500 500 500 500 500 500 500 500 500 500 500 500 500 500 500 500 500 500 500 500 500 500 500 500 500 500 500 500 500 500 500 500 500 500 500 500 500 500 500 500 500 500 500 500 500 500 500 500 500 500 500 500 500 500 500 500 500 500 500 500 500 500 500 500 500 500 500 500 500 500 500 500 500 500 500 500 500 50 50 50 50 50 50 50 50 50 50 50 50 50 50 50 50 50 50 50 50 50 50 50 50 50 50 50 50 50 50 50 50 50 50 50 50 50 50 50 50 50 50 50 50 50 50 50 50 50 50 50 50 50 50 50 50 50 50 50 50 50 50 50 50 50 50 50 50 50 50 50 50 50 50 50 50 50 50 50 50 50 50 50 50 50 50 50 50 50 50 50 50 50 50 50 50 50 50 50 50 200 200 200 200 200 200 200 200 200 200 200 200 200 200 200 200 200 200 200 200 200 200 200 200 200 200 200 200 200 200 200 200 200 200 200 200 200 200 200 200 200 200 200 200 200 200 200 200 200 200 200 200 200 200 200 200 200 200 200 200 200 200 200 200 200 200 200 200 200 200 200 200 200 200 200 200 200 200 200 200 200 200 200 200 200 200 200 200 200 200 200 200 200 200 200 200 200 200 200 200 /
PERMZ
 500 500 500 500 500 500 500 500 500 500 500 500 500 500 500 500 500 500 500 500 500 500 500 500 500 500 500 500 500 500 500 500 500 500 500 500 500 500 500 500 500 500 500 500 500 500 500 500 500 500 500 500 500 500 500 500 500 500 500 500 500 500 500 500 500 500 500 500 500 500 500 500 500 500 500 500 500 500 500 500 500 500 500 500 500 500 500 500 500 500 500 500 500 500 500 500 500 500 500 500 50 50 50 50 50 50 50 50 50 50 50 50 50 50 50 50 50 50 50 50 50 50 50 50 50 50 50 50 50 50 50 50 50 50 50 50 50 50 50 50 50 50 50 50 50 50 50 50 50 50 50 50 50 50 50 50 50 50 50 50 50 50 50 50 50 50 50 50 50 50 50 50 50 50 50 50 50 50 50 50 50 50 50 50 50 50 50 50 50 50 50 50 50 50 50 50 50 50 50 50 200 200 200 200 200 200 200 200 200 200 200 200 200 200 200 200 200 200 200 200 200 200 200 200 200 200 200 200 200 200 200 200 200 200 200 200 200 200 200 200 200 200 200 200 200 200 200 200 200 200 200 200 200 200 200 200 200 200 200 200 200 200 200 200 200 200 200 200 200 200 200 200 200 200 200 200 200 200 200 200 200 200 200 200 200 200 200 200 200 200 200 200 200 200 200 200 200 200 200 200 /
-- This reservoir simulation deck is made available under the Open Database
-- License: http://opendatacommons.org/licenses/odbl/1.0/. Any rights in
-- individual contents of the database are licensed under the Database Contents
-- License: http://opendatacommons.org/licenses/dbcl/1.0/

-- Copyright (C) 2015 Statoil

-- This simulation is based on the data given in
-- 'Comparison of Solutions to a Three-Dimensional
-- Black-Oil Reservoir Simulation Problem' by Aziz S. Odeh,
-- Journal of Petroleum Technology, January 1981


-- Derived P07 input. See tests/models/imports/data/README.md for changes and source terms.

PROPS

PVTW
 4017.55 1.038 3.22e-06 0.318 0 /

ROCK
 14.7 3e-06 /

SWOF
 0.12 0 1 0 0.18 4.648760331e-08 1 0 0.24 1.86e-07 0.997 0 0.3 4.183884298e-07 0.98 0 0.36
7.438016529e-07 0.7 0 0.42 1.162190083e-06 0.35 0 0.48 1.673553719e-06 0.2 0 0.54
2.277892562e-06 0.09 0 0.6 2.975206612e-06 0.021 0 0.66 3.765495868e-06 0.01 0 0.72
4.648760331e-06 0.001 0 0.78 5.625e-06 0.0001 0 0.84 6.694214876e-06 0 0 0.91 8.059142562e-06 0
0 1 1e-05 0 0 /

SGOF
 0 0 1 0 0.001 0 1 0 0.02 0 0.997 0 0.05 0.005 0.98 0 0.12 0.025 0.7 0 0.2 0.075 0.35 0 0.25
0.125 0.2 0 0.3 0.19 0.09 0 0.4 0.41 0.021 0 0.45 0.6 0.01 0 0.5 0.72 0.001 0 0.6 0.87 0.0001 0
0.7 0.94 0 0 0.85 0.98 0 0 0.88 0.984 0 0 /

DENSITY
 53.66 64.49 0.0533 /

PVDG
 14.7 166.666 0.008 264.7 12.093 0.0096 514.7 6.274 0.0112 1014.7 3.197 0.014 2014.7 1.614
0.0189 2514.7 1.294 0.0208 3014.7 1.08 0.0228 4014.7 0.811 0.0268 5014.7 0.649 0.0309 9014.7
0.386 0.047 /

PVTO
 0.001 14.7 1.062 1.04 /
 0.0905 264.7 1.15 0.975 /
 0.18 514.7 1.207 0.91 /
 0.371 1014.7 1.295 0.83 /
 0.636 2014.7 1.435 0.695 /
 0.775 2514.7 1.5 0.641 /
 0.93 3014.7 1.565 0.594 /
 1.27 4014.7 1.695 0.51 9014.7 1.579 0.74 /
 1.618 5014.7 1.827 0.449 9014.7 1.737 0.631 /
/
SOLUTION
EQUIL
 8400 4800 8450 0 8300 0 1 0 0 /
RSVD
 8300 1.27 8450 1.27 /
SUMMARY
FOPR
WBHP
 'PROD' 'INJ' /
SCHEDULE
RPTRST
 'BASIC=1' /
DRSDT
 0 /
WELSPECS
 'PROD' 'G1' 10 10 8400 'OIL' /
 'INJ' 'G1' 1 1 8335 'GAS' /
/
COMPDAT
 'PROD' 10 10 3 3 'OPEN' 2* 0.5 /
 'INJ' 1 1 1 1 'OPEN' 2* 0.5 /
/
WCONPROD
 'PROD' 'OPEN' 'ORAT' 20000 4* 1000 /
/
WCONINJE
 'INJ' 'GAS' 'OPEN' 'RATE' 100000 1* 9014 /
/
TSTEP
 1 1 /
