-- Schedule child of revision_fa06ed0246154d30ab8a39ff84f9fc00.
-- Replace requested completions from report zero: PROD controls at reports 1.
-- Parent comments describe the original inputs, before this schedule edit.
-- This reservoir simulation deck is made available under the Open Database
-- License: http://opendatacommons.org/licenses/odbl/1.0/. Any rights in
-- individual contents of the database are licensed under the Database Contents
-- License: http://opendatacommons.org/licenses/dbcl/1.0/
-- Copyright (C) 2015 Statoil
-- This simulation is based on the data given in
-- 'Comparison of Solutions to a Three-Dimensional
-- Black-Oil Reservoir Simulation Problem' by Aziz S. Odeh,
-- Journal of Petroleum Technology, January 1981
-- Derived P07 input. See tests/models/imports/data/README.md for changes and source terms.
-- This reservoir simulation deck is made available under the Open Database
-- License: http://opendatacommons.org/licenses/odbl/1.0/. Any rights in
-- individual contents of the database are licensed under the Database Contents
-- License: http://opendatacommons.org/licenses/dbcl/1.0/
-- Copyright (C) 2015 Statoil
-- This simulation is based on the data given in
-- 'Comparison of Solutions to a Three-Dimensional
-- Black-Oil Reservoir Simulation Problem' by Aziz S. Odeh,
-- Journal of Petroleum Technology, January 1981
-- Derived P07 input. See tests/models/imports/data/README.md for changes and source terms.
-- This reservoir simulation deck is made available under the Open Database
-- License: http://opendatacommons.org/licenses/odbl/1.0/. Any rights in
-- individual contents of the database are licensed under the Database Contents
-- License: http://opendatacommons.org/licenses/dbcl/1.0/
-- Copyright (C) 2015 Statoil
-- This simulation is based on the data given in
-- 'Comparison of Solutions to a Three-Dimensional
-- Black-Oil Reservoir Simulation Problem' by Aziz S. Odeh,
-- Journal of Petroleum Technology, January 1981
-- Derived P07 input. See tests/models/imports/data/README.md for changes and source terms.
-- This reservoir simulation deck is made available under the Open Database
-- License: http://opendatacommons.org/licenses/odbl/1.0/. Any rights in
-- individual contents of the database are licensed under the Database Contents
-- License: http://opendatacommons.org/licenses/dbcl/1.0/
-- Copyright (C) 2015 Statoil
-- This simulation is based on the data given in
-- 'Comparison of Solutions to a Three-Dimensional
-- Black-Oil Reservoir Simulation Problem' by Aziz S. Odeh,
-- Journal of Petroleum Technology, January 1981
-- Derived P07 input. See tests/models/imports/data/README.md for changes and source terms.
-- This reservoir simulation deck is made available under the Open Database
-- License: http://opendatacommons.org/licenses/odbl/1.0/. Any rights in
-- individual contents of the database are licensed under the Database Contents
-- License: http://opendatacommons.org/licenses/dbcl/1.0/
-- Copyright (C) 2015 Statoil
-- This simulation is based on the data given in
-- 'Comparison of Solutions to a Three-Dimensional
-- Black-Oil Reservoir Simulation Problem' by Aziz S. Odeh,
-- Journal of Petroleum Technology, January 1981
-- Derived P07 input. See tests/models/imports/data/README.md for changes and source terms.
RUNSPEC
TITLE
  'SPE1' '-' 'CASE' '1'
DIMENS
 10 10 3 /
EQLDIMS
 1* 1* 1* 1* 1* /
TABDIMS
 1* 1* 1* 1* 1* 1* 1* 1* 1* 1* 1* 1* 1* 1* 1* 1* 1* 1* 1* 1* 1* 1* 1* 1* 1* /
OIL
GAS
WATER
DISGAS
FIELD
START
 1 'JAN' 2015 1* /
WELLDIMS
 4 3 1 4 /
UNIFOUT
GRID
INIT
DX
 1000 1000 1000 1000 1000 1000 1000 1000 1000 1000 1000 1000 1000 1000 1000 1000 1000 1000 1000 1000 1000 1000 1000 1000 1000 1000 1000 1000 1000 1000 1000 1000 1000 1000 1000 1000 1000 1000 1000 1000 1000 1000 1000 1000 1000 1000 1000 1000 1000 1000 1000 1000 1000 1000 1000 1000 1000 1000 1000 1000 1000 1000 1000 1000 1000 1000 1000 1000 1000 1000 1000 1000 1000 1000 1000 1000 1000 1000 1000 1000 1000 1000 1000 1000 1000 1000 1000 1000 1000 1000 1000 1000 1000 1000 1000 1000 1000 1000 1000 1000 1000 1000 1000 1000 1000 1000 1000 1000 1000 1000 1000 1000 1000 1000 1000 1000 1000 1000 1000 1000 1000 1000 1000 1000 1000 1000 1000 1000 1000 1000 1000 1000 1000 1000 1000 1000 1000 1000 1000 1000 1000 1000 1000 1000 1000 1000 1000 1000 1000 1000 1000 1000 1000 1000 1000 1000 1000 1000 1000 1000 1000 1000 1000 1000 1000 1000 1000 1000 1000 1000 1000 1000 1000 1000 1000 1000 1000 1000 1000 1000 1000 1000 1000 1000 1000 1000 1000 1000 1000 1000 1000 1000 1000 1000 1000 1000 1000 1000 1000 1000 1000 1000 1000 1000 1000 1000 1000 1000 1000 1000 1000 1000 1000 1000 1000 1000 1000 1000 1000 1000 1000 1000 1000 1000 1000 1000 1000 1000 1000 1000 1000 1000 1000 1000 1000 1000 1000 1000 1000 1000 1000 1000 1000 1000 1000 1000 1000 1000 1000 1000 1000 1000 1000 1000 1000 1000 1000 1000 1000 1000 1000 1000 1000 1000 1000 1000 1000 1000 1000 1000 1000 1000 1000 1000 1000 1000 1000 1000 1000 1000 1000 1000 1000 1000 1000 1000 1000 1000 1000 1000 1000 1000 1000 1000 1000 1000 1000 1000 1000 1000 /
DY
 1000 1000 1000 1000 1000 1000 1000 1000 1000 1000 1000 1000 1000 1000 1000 1000 1000 1000 1000 1000 1000 1000 1000 1000 1000 1000 1000 1000 1000 1000 1000 1000 1000 1000 1000 1000 1000 1000 1000 1000 1000 1000 1000 1000 1000 1000 1000 1000 1000 1000 1000 1000 1000 1000 1000 1000 1000 1000 1000 1000 1000 1000 1000 1000 1000 1000 1000 1000 1000 1000 1000 1000 1000 1000 1000 1000 1000 1000 1000 1000 1000 1000 1000 1000 1000 1000 1000 1000 1000 1000 1000 1000 1000 1000 1000 1000 1000 1000 1000 1000 1000 1000 1000 1000 1000 1000 1000 1000 1000 1000 1000 1000 1000 1000 1000 1000 1000 1000 1000 1000 1000 1000 1000 1000 1000 1000 1000 1000 1000 1000 1000 1000 1000 1000 1000 1000 1000 1000 1000 1000 1000 1000 1000 1000 1000 1000 1000 1000 1000 1000 1000 1000 1000 1000 1000 1000 1000 1000 1000 1000 1000 1000 1000 1000 1000 1000 1000 1000 1000 1000 1000 1000 1000 1000 1000 1000 1000 1000 1000 1000 1000 1000 1000 1000 1000 1000 1000 1000 1000 1000 1000 1000 1000 1000 1000 1000 1000 1000 1000 1000 1000 1000 1000 1000 1000 1000 1000 1000 1000 1000 1000 1000 1000 1000 1000 1000 1000 1000 1000 1000 1000 1000 1000 1000 1000 1000 1000 1000 1000 1000 1000 1000 1000 1000 1000 1000 1000 1000 1000 1000 1000 1000 1000 1000 1000 1000 1000 1000 1000 1000 1000 1000 1000 1000 1000 1000 1000 1000 1000 1000 1000 1000 1000 1000 1000 1000 1000 1000 1000 1000 1000 1000 1000 1000 1000 1000 1000 1000 1000 1000 1000 1000 1000 1000 1000 1000 1000 1000 1000 1000 1000 1000 1000 1000 1000 1000 1000 1000 1000 1000 /
DZ
 20 20 20 20 20 20 20 20 20 20 20 20 20 20 20 20 20 20 20 20 20 20 20 20 20 20 20 20 20 20 20 20 20 20 20 20 20 20 20 20 20 20 20 20 20 20 20 20 20 20 20 20 20 20 20 20 20 20 20 20 20 20 20 20 20 20 20 20 20 20 20 20 20 20 20 20 20 20 20 20 20 20 20 20 20 20 20 20 20 20 20 20 20 20 20 20 20 20 20 20 30 30 30 30 30 30 30 30 30 30 30 30 30 30 30 30 30 30 30 30 30 30 30 30 30 30 30 30 30 30 30 30 30 30 30 30 30 30 30 30 30 30 30 30 30 30 30 30 30 30 30 30 30 30 30 30 30 30 30 30 30 30 30 30 30 30 30 30 30 30 30 30 30 30 30 30 30 30 30 30 30 30 30 30 30 30 30 30 30 30 30 30 30 30 30 30 30 30 30 30 50 50 50 50 50 50 50 50 50 50 50 50 50 50 50 50 50 50 50 50 50 50 50 50 50 50 50 50 50 50 50 50 50 50 50 50 50 50 50 50 50 50 50 50 50 50 50 50 50 50 50 50 50 50 50 50 50 50 50 50 50 50 50 50 50 50 50 50 50 50 50 50 50 50 50 50 50 50 50 50 50 50 50 50 50 50 50 50 50 50 50 50 50 50 50 50 50 50 50 50 /
TOPS
 8325 8325 8325 8325 8325 8325 8325 8325 8325 8325 8325 8325 8325 8325 8325 8325 8325 8325 8325 8325 8325 8325 8325 8325 8325 8325 8325 8325 8325 8325 8325 8325 8325 8325 8325 8325 8325 8325 8325 8325 8325 8325 8325 8325 8325 8325 8325 8325 8325 8325 8325 8325 8325 8325 8325 8325 8325 8325 8325 8325 8325 8325 8325 8325 8325 8325 8325 8325 8325 8325 8325 8325 8325 8325 8325 8325 8325 8325 8325 8325 8325 8325 8325 8325 8325 8325 8325 8325 8325 8325 8325 8325 8325 8325 8325 8325 8325 8325 8325 8325 /
PORO
 0.29999999999999999 0.29999999999999999 0.29999999999999999 0.29999999999999999 0.29999999999999999 0.29999999999999999 0.29999999999999999 0.29999999999999999 0.29999999999999999 0.29999999999999999 0.29999999999999999 0.29999999999999999 0.29999999999999999 0.29999999999999999 0.29999999999999999 0.29999999999999999 0.29999999999999999 0.29999999999999999 0.29999999999999999 0.29999999999999999 0.29999999999999999 0.29999999999999999 0.29999999999999999 0.29999999999999999 0.29999999999999999 0.29999999999999999 0.29999999999999999 0.29999999999999999 0.29999999999999999 0.29999999999999999 0.29999999999999999 0.29999999999999999 0.29999999999999999 0.29999999999999999 0.29999999999999999 0.29999999999999999 0.29999999999999999 0.29999999999999999 0.29999999999999999 0.29999999999999999 0.29999999999999999 0.29999999999999999 0.29999999999999999 0.29999999999999999 0.29999999999999999 0.29999999999999999 0.29999999999999999 0.29999999999999999 0.29999999999999999 0.29999999999999999 0.29999999999999999 0.29999999999999999 0.29999999999999999 0.29999999999999999 0.29999999999999999 0.29999999999999999 0.29999999999999999 0.29999999999999999 0.29999999999999999 0.29999999999999999 0.29999999999999999 0.29999999999999999 0.29999999999999999 0.29999999999999999 0.29999999999999999 0.29999999999999999 0.29999999999999999 0.29999999999999999 0.29999999999999999 0.29999999999999999 0.29999999999999999 0.29999999999999999 0.29999999999999999 0.29999999999999999 0.29999999999999999 0.29999999999999999 0.29999999999999999 0.29999999999999999 0.29999999999999999 0.29999999999999999 0.29999999999999999 0.29999999999999999 0.29999999999999999 0.29999999999999999 0.29999999999999999 0.29999999999999999 0.29999999999999999 0.29999999999999999 0.29999999999999999 0.29999999999999999 0.29999999999999999 0.29999999999999999 0.29999999999999999 0.29999999999999999 0.29999999999999999 0.29999999999999999 0.29999999999999999 0.29999999999999999 0.29999999999999999 0.29999999999999999 0.29999999999999999 0.29999999999999999 0.29999999999999999 0.29999999999999999 0.29999999999999999 0.29999999999999999 0.29999999999999999 0.29999999999999999 0.29999999999999999 0.29999999999999999 0.29999999999999999 0.29999999999999999 0.29999999999999999 0.29999999999999999 0.29999999999999999 0.29999999999999999 0.29999999999999999 0.29999999999999999 0.29999999999999999 0.29999999999999999 0.29999999999999999 0.29999999999999999 0.29999999999999999 0.29999999999999999 0.29999999999999999 0.29999999999999999 0.29999999999999999 0.29999999999999999 0.29999999999999999 0.29999999999999999 0.29999999999999999 0.29999999999999999 0.29999999999999999 0.29999999999999999 0.29999999999999999 0.29999999999999999 0.29999999999999999 0.29999999999999999 0.29999999999999999 0.29999999999999999 0.29999999999999999 0.29999999999999999 0.29999999999999999 0.29999999999999999 0.29999999999999999 0.29999999999999999 0.29999999999999999 0.29999999999999999 0.29999999999999999 0.29999999999999999 0.29999999999999999 0.29999999999999999 0.29999999999999999 0.29999999999999999 0.29999999999999999 0.29999999999999999 0.29999999999999999 0.29999999999999999 0.29999999999999999 0.29999999999999999 0.29999999999999999 0.29999999999999999 0.29999999999999999 0.29999999999999999 0.29999999999999999 0.29999999999999999 0.29999999999999999 0.29999999999999999 0.29999999999999999 0.29999999999999999 0.29999999999999999 0.29999999999999999 0.29999999999999999 0.29999999999999999 0.29999999999999999 0.29999999999999999 0.29999999999999999 0.29999999999999999 0.29999999999999999 0.29999999999999999 0.29999999999999999 0.29999999999999999 0.29999999999999999 0.29999999999999999 0.29999999999999999 0.29999999999999999 0.29999999999999999 0.29999999999999999 0.29999999999999999 0.29999999999999999 0.29999999999999999 0.29999999999999999 0.29999999999999999 0.29999999999999999 0.29999999999999999 0.29999999999999999 0.29999999999999999 0.29999999999999999 0.29999999999999999 0.29999999999999999 0.29999999999999999 0.29999999999999999 0.29999999999999999 0.29999999999999999 0.29999999999999999 0.29999999999999999 0.29999999999999999 0.29999999999999999 0.29999999999999999 0.29999999999999999 0.29999999999999999 0.29999999999999999 0.29999999999999999 0.29999999999999999 0.29999999999999999 0.29999999999999999 0.29999999999999999 0.29999999999999999 0.29999999999999999 0.29999999999999999 0.29999999999999999 0.29999999999999999 0.29999999999999999 0.29999999999999999 0.29999999999999999 0.29999999999999999 0.29999999999999999 0.29999999999999999 0.29999999999999999 0.29999999999999999 0.29999999999999999 0.29999999999999999 0.29999999999999999 0.29999999999999999 0.29999999999999999 0.29999999999999999 0.29999999999999999 0.29999999999999999 0.29999999999999999 0.29999999999999999 0.29999999999999999 0.29999999999999999 0.29999999999999999 0.29999999999999999 0.29999999999999999 0.29999999999999999 0.29999999999999999 0.29999999999999999 0.29999999999999999 0.29999999999999999 0.29999999999999999 0.29999999999999999 0.29999999999999999 0.29999999999999999 0.29999999999999999 0.29999999999999999 0.29999999999999999 0.29999999999999999 0.29999999999999999 0.29999999999999999 0.29999999999999999 0.29999999999999999 0.29999999999999999 0.29999999999999999 0.29999999999999999 0.29999999999999999 0.29999999999999999 0.29999999999999999 0.29999999999999999 0.29999999999999999 0.29999999999999999 0.29999999999999999 0.29999999999999999 0.29999999999999999 0.29999999999999999 0.29999999999999999 0.29999999999999999 0.29999999999999999 0.29999999999999999 0.29999999999999999 0.29999999999999999 0.29999999999999999 0.29999999999999999 0.29999999999999999 0.29999999999999999 0.29999999999999999 0.29999999999999999 0.29999999999999999 0.29999999999999999 0.29999999999999999 0.29999999999999999 0.29999999999999999 0.29999999999999999 0.29999999999999999 0.29999999999999999 0.29999999999999999 0.29999999999999999 0.29999999999999999 0.29999999999999999 0.29999999999999999 /
PERMX
 500 500 500 500 500 500 500 500 500 500 500 500 500 500 500 500 500 500 500 500 500 500 500 500 500 500 500 500 500 500 500 500 500 500 500 500 500 500 500 500 500 500 500 500 500 500 500 500 500 500 500 500 500 500 500 500 500 500 500 500 500 500 500 500 500 500 500 500 500 500 500 500 500 500 500 500 500 500 500 500 500 500 500 500 500 500 500 500 500 500 500 500 500 500 500 500 500 500 500 500 50 50 50 50 50 50 50 50 50 50 50 50 50 50 50 50 50 50 50 50 50 50 50 50 50 50 50 50 50 50 50 50 50 50 50 50 50 50 50 50 50 50 50 50 50 50 50 50 50 50 50 50 50 50 50 50 50 50 50 50 50 50 50 50 50 50 50 50 50 50 50 50 50 50 50 50 50 50 50 50 50 50 50 50 50 50 50 50 50 50 50 50 50 50 50 50 50 50 50 50 200 200 200 200 200 200 200 200 200 200 200 200 200 200 200 200 200 200 200 200 200 200 200 200 200 200 200 200 200 200 200 200 200 200 200 200 200 200 200 200 200 200 200 200 200 200 200 200 200 200 200 200 200 200 200 200 200 200 200 200 200 200 200 200 200 200 200 200 200 200 200 200 200 200 200 200 200 200 200 200 200 200 200 200 200 200 200 200 200 200 200 200 200 200 200 200 200 200 200 200 /
PERMY
 500 500 500 500 500 500 500 500 500 500 500 500 500 500 500 500 500 500 500 500 500 500 500 500 500 500 500 500 500 500 500 500 500 500 500 500 500 500 500 500 500 500 500 500 500 500 500 500 500 500 500 500 500 500 500 500 500 500 500 500 500 500 500 500 500 500 500 500 500 500 500 500 500 500 500 500 500 500 500 500 500 500 500 500 500 500 500 500 500 500 500 500 500 500 500 500 500 500 500 500 50 50 50 50 50 50 50 50 50 50 50 50 50 50 50 50 50 50 50 50 50 50 50 50 50 50 50 50 50 50 50 50 50 50 50 50 50 50 50 50 50 50 50 50 50 50 50 50 50 50 50 50 50 50 50 50 50 50 50 50 50 50 50 50 50 50 50 50 50 50 50 50 50 50 50 50 50 50 50 50 50 50 50 50 50 50 50 50 50 50 50 50 50 50 50 50 50 50 50 50 200 200 200 200 200 200 200 200 200 200 200 200 200 200 200 200 200 200 200 200 200 200 200 200 200 200 200 200 200 200 200 200 200 200 200 200 200 200 200 200 200 200 200 200 200 200 200 200 200 200 200 200 200 200 200 200 200 200 200 200 200 200 200 200 200 200 200 200 200 200 200 200 200 200 200 200 200 200 200 200 200 200 200 200 200 200 200 200 200 200 200 200 200 200 200 200 200 200 200 200 /
PERMZ
 500 500 500 500 500 500 500 500 500 500 500 500 500 500 500 500 500 500 500 500 500 500 500 500 500 500 500 500 500 500 500 500 500 500 500 500 500 500 500 500 500 500 500 500 500 500 500 500 500 500 500 500 500 500 500 500 500 500 500 500 500 500 500 500 500 500 500 500 500 500 500 500 500 500 500 500 500 500 500 500 500 500 500 500 500 500 500 500 500 500 500 500 500 500 500 500 500 500 500 500 50 50 50 50 50 50 50 50 50 50 50 50 50 50 50 50 50 50 50 50 50 50 50 50 50 50 50 50 50 50 50 50 50 50 50 50 50 50 50 50 50 50 50 50 50 50 50 50 50 50 50 50 50 50 50 50 50 50 50 50 50 50 50 50 50 50 50 50 50 50 50 50 50 50 50 50 50 50 50 50 50 50 50 50 50 50 50 50 50 50 50 50 50 50 50 50 50 50 50 50 200 200 200 200 200 200 200 200 200 200 200 200 200 200 200 200 200 200 200 200 200 200 200 200 200 200 200 200 200 200 200 200 200 200 200 200 200 200 200 200 200 200 200 200 200 200 200 200 200 200 200 200 200 200 200 200 200 200 200 200 200 200 200 200 200 200 200 200 200 200 200 200 200 200 200 200 200 200 200 200 200 200 200 200 200 200 200 200 200 200 200 200 200 200 200 200 200 200 200 200 /
PROPS
PVTW
 4017.5500000000002 1.038 3.2200000000000001e-06 0.318 0 /
ROCK
 14.699999999999999 3.0000000000000001e-06 /
SWOF
 0.12 0 1 0 0.17999999999999999 4.6487603309999998e-08 1 0 0.23999999999999999 1.86e-07 0.997 0 0.29999999999999999 4.1838842980000001e-07 0.97999999999999998 0 0.35999999999999999 7.4380165289999997e-07 0.69999999999999996 0 0.41999999999999998 1.162190083e-06 0.34999999999999998 0 0.47999999999999998 1.6735537190000001e-06 0.20000000000000001 0 0.54000000000000004 2.2778925620000002e-06 0.089999999999999997 0 0.59999999999999998 2.9752066120000002e-06 0.021000000000000001 0 0.66000000000000003 3.765495868e-06 0.01 0 0.71999999999999997 4.6487603309999996e-06 0.001 0 0.78000000000000003 5.6250000000000004e-06 0.0001 0 0.83999999999999997 6.6942148760000004e-06 0 0 0.91000000000000003 8.0591425619999997e-06 0 0 1 1.0000000000000001e-05 0 0 /
SGOF
 0 0 1 0 0.001 0 1 0 0.02 0 0.997 0 0.050000000000000003 0.0050000000000000001 0.97999999999999998 0 0.12 0.025000000000000001 0.69999999999999996 0 0.20000000000000001 0.074999999999999997 0.34999999999999998 0 0.25 0.125 0.20000000000000001 0 0.29999999999999999 0.19 0.089999999999999997 0 0.40000000000000002 0.40999999999999998 0.021000000000000001 0 0.45000000000000001 0.59999999999999998 0.01 0 0.5 0.71999999999999997 0.001 0 0.59999999999999998 0.87 0.0001 0 0.69999999999999996 0.93999999999999995 0 0 0.84999999999999998 0.97999999999999998 0 0 0.88 0.98399999999999999 0 0 /
DENSITY
 53.659999999999997 64.489999999999995 0.0533 /
PVDG
 14.699999999999999 166.666 0.0080000000000000002 264.69999999999999 12.093 0.0095999999999999992 514.70000000000005 6.274 0.0112 1014.7 3.1970000000000001 0.014 2014.7 1.6140000000000001 0.0189 2514.6999999999998 1.294 0.020799999999999999 3014.6999999999998 1.0800000000000001 0.022800000000000001 4014.6999999999998 0.81100000000000005 0.026800000000000001 5014.6999999999998 0.64900000000000002 0.0309 9014.7000000000007 0.38600000000000001 0.047 /
PVTO
 0.001 14.699999999999999 1.0620000000000001 1.04 /
 0.090499999999999997 264.69999999999999 1.1499999999999999 0.97499999999999998 /
 0.17999999999999999 514.70000000000005 1.2070000000000001 0.91000000000000003 /
 0.371 1014.7 1.2949999999999999 0.82999999999999996 /
 0.63600000000000001 2014.7 1.4350000000000001 0.69499999999999995 /
 0.77500000000000002 2514.6999999999998 1.5 0.64100000000000001 /
 0.93000000000000005 3014.6999999999998 1.5649999999999999 0.59399999999999997 /
 1.27 4014.6999999999998 1.6950000000000001 0.51000000000000001 9014.7000000000007 1.579 0.73999999999999999 /
 1.6180000000000001 5014.6999999999998 1.827 0.44900000000000001 9014.7000000000007 1.7370000000000001 0.63100000000000001 /
/
REGIONS
FIPNUM
 1 1 1 1 1 1 1 1 1 1 1 1 1 1 1 1 1 1 1 1 1 1 1 1 1 1 1 1 1 1 1 1 1 1 1 1 1 1 1 1 1 1 1 1 1 1 1 1 1 1 1 1 1 1 1 1 1 1 1 1 1 1 1 1 1 1 1 1 1 1 1 1 1 1 1 1 1 1 1 1 1 1 1 1 1 1 1 1 1 1 1 1 1 1 1 1 1 1 1 1 1 1 1 1 1 1 1 1 1 1 1 1 1 1 1 1 1 1 1 1 1 1 1 1 1 1 1 1 1 1 1 1 1 1 1 1 1 1 1 1 1 1 1 1 1 1 1 1 1 1 1 1 1 1 1 1 1 1 1 1 1 1 1 1 1 1 1 1 1 1 1 1 1 1 1 1 1 1 1 1 1 1 1 1 1 1 1 1 1 1 1 1 1 1 1 1 1 1 1 1 1 1 1 1 1 1 1 1 1 1 1 1 1 1 1 1 1 1 1 1 1 1 1 1 1 1 1 1 1 1 1 1 1 1 1 1 1 1 1 1 1 1 1 1 1 1 1 1 1 1 1 1 1 1 1 1 1 1 1 1 1 1 1 1 1 1 1 1 1 1 1 1 1 1 1 1 1 1 1 1 1 1 1 1 1 1 1 1 1 1 1 1 1 1 1 1 1 1 1 1 /
SOLUTION
EQUIL
 8400 4800 8450 0 8300 0 1 0 0 1* 1* 1* /
RSVD
 8300 1.27 8450 1.27 /
SUMMARY
FOPR
WBHP
 'PROD' 'INJ' /
SCHEDULE
RPTRST
 'BASIC=1' /
DRSDT
 0 1* /
WELSPECS
 'PROD' 'G1' 5 5 1* 'OIL' /
 'INJ' 'G1' 1 1 8335 'GAS' 1* 1* 1* 1* 1* 1* 1* 1* 1* 1* 1* /
/
COMPDAT
 'PROD' 5 5 1 1 'OPEN' 1* 10.078780273272798 0.5 9500 0 1* 'Z' /
 'PROD' 5 5 2 2 'OPEN' 1* 1.5913863589378099 0.49999999999999994 1500 0 1* 'Z' /
 'PROD' 5 5 3 3 'OPEN' 1* 10.397057545060358 0.5 9800 0 1* 'Z' /
/
COMPDAT
 'INJ' 1 1 1 1 'OPEN' 1* 1* 0.5 1* 1* 1* 1* 1* /
/
WCONPROD
 'PROD' 'OPEN' 'ORAT' 20000 1* 1* 1* 1* 1000 1* 1* 1* 1* 1* 1* 1* 1* 1* 1* 1* /
/
WCONINJE
 'INJ' 'GAS' 'OPEN' 'RATE' 100000 1* 9014 1* 1* 1* 1* 1* 1* 1* 1* /
/
TSTEP
 1 /
WCONPROD
 'PROD' 'OPEN' 'BHP' 1* 4* 1200.1234567890124 /
/
TSTEP
 1 /
